('/r/DefinedAs', {'sentence': '[[space]] is the [[empty vacuum between stars and planets]]', 'relation_label': 'defined as', 'source': 'CN'})

Properties:

{
'sentence': '[[space]] is the [[empty vacuum between stars and planets]]', 
'relation_label': 'defined as', 
'source': 'CN'
}



[('4:ed1bb98e-ba17-48da-8a55-5ccf45782928:696073', 0.8184845447540283), ('4:ed1bb98e-ba17-48da-8a55-5ccf45782928:56481', 0.8144224286079407), ('4:ed1bb98e-ba17-48da-8a55-5ccf45782928:1760614', 0.8071895837783813), ('4:ed1bb98e-ba17-48da-8a55-5ccf45782928:286060', 0.8050063848495483), ('4:ed1bb98e-ba17-48da-8a55-5ccf45782928:1780791', 0.7981837391853333), ('4:ed1bb98e-ba17-48da-8a55-5ccf45782928:1756072', 0.7937605381011963), ('4:ed1bb98e-ba17-48da-8a55-5ccf45782928:575065', 0.792652428150177), ('4:ed1bb98e-ba17-48da-8a55-5ccf45782928:1375326', 0.7910653352737427), ('4:ed1bb98e-ba17-48da-8a55-5ccf45782928:1712971', 0.7905022501945496), ('4:ed1bb98e-ba17-48da-8a55-5ccf45782928:1781398', 0.7899488210678101), ('4:ed1bb98e-ba17-48da-8a55-5ccf45782928:1194530', 0.7894847393035889), ('4:ed1bb98e-ba17-48da-8a55-5ccf45782928:3775', 0.7857084274291992), ('4:ed1bb98e-ba17-48da-8a55-5ccf45782928:1739579', 0.7849385738372803), ('4:ed1bb98e-ba17-48da-8a55-5ccf45782928:575071', 0.784232497215271), ('4:ed1bb98e-ba17-48da-8a55-5ccf45782928:392280', 0.7835140228271484), ('4:ed1bb98e-ba17-48da-8a55-5ccf45782928:1745302', 0.7833836674690247), ('4:ed1bb98e-ba17-48da-8a55-5ccf45782928:1024578', 0.7820753455162048), ('4:ed1bb98e-ba17-48da-8a55-5ccf45782928:386779', 0.7815566062927246), ('4:ed1bb98e-ba17-48da-8a55-5ccf45782928:575067', 0.7814899682998657), ('4:ed1bb98e-ba17-48da-8a55-5ccf45782928:1757108', 0.7763558626174927)]



[-0.09272992610931396, 0.003390025580301881, -0.0456269346177578, 0.038356050848960876, -0.151533305644989, -0.024716831743717194, 0.024580897763371468, -0.04101121798157692, -0.06426974385976791, -0.014955129474401474, -0.013930343091487885, -0.013065846636891365, -0.008722989819943905, 0.010018077678978443, -0.04056907072663307, 0.027923766523599625, -0.0028838543221354485, -0.06008646637201309, -0.024150194600224495, -0.10283426940441132, -0.025751745328307152, -0.02273119054734707, -0.03545721620321274, 0.015075171366333961, 0.0805596262216568, 0.001248705550096929, 0.0412217415869236, -0.00906096026301384, 0.06981522589921951, -0.039896439760923386, 0.038594722747802734, 0.05001700669527054, 0.02300942689180374, 0.002297985600307584, -0.07215532660484314, 0.025663331151008606, 0.02799367532134056, -0.05516557767987251, 0.03569777309894562, -0.01708836480975151, 0.004759748466312885, 0.014656404964625835, -0.04890015348792076, 0.0034468388184905052, 0.04670434817671776, 0.09178394079208374, 0.060270313173532486, 0.05619608610868454, -0.05562050640583038, -0.11126084625720978, -0.054820116609334946, 0.03359115123748779, 0.029104460030794144, 0.03973613306879997, 0.00409888569265604, 0.009481237269937992, 0.06625381857156754, -0.04082024469971657, -0.07154785096645355, -0.08216775208711624, -0.04497232660651207, -0.04821402207016945, -0.032532524317502975, 0.03833286836743355, 0.13043077290058136, 0.017322657629847527, -0.03148178383708, -0.005110893398523331, 0.009858057834208012, 0.014891598373651505, -0.003131262958049774, -0.06783727556467056, -0.03513174504041672, 0.007737909443676472, 0.04409614950418472, -0.06795133650302887, 0.031201893463730812, 0.04108748584985733, 0.0636838972568512, 0.017741097137331963, 0.03041870892047882, -0.07657670974731445, -0.02124435268342495, 0.049006614834070206, 0.05314873158931732, 0.02496691793203354, -0.08488979935646057, 0.011019832454621792, -0.05570339038968086, -0.1134764775633812, -0.029529130086302757, -0.028251413255929947, 0.019374994561076164, -0.04731743410229683, -0.04628141596913338, -0.0022157623898237944, 0.03674256056547165, -0.012842969037592411, 0.003554894821718335, 0.0886383131146431, 0.06210612878203392, 0.009218385443091393, 0.00490588741376996, -0.011773397214710712, 0.013422662392258644, 0.03222841024398804, 0.03341756388545036, 0.05659988895058632, -0.010351385921239853, -0.05873184651136398, -0.001122859539464116, 0.06587716937065125, 0.043748367577791214, -0.01434688176959753, 0.01046703103929758, 0.0066076600924134254, 0.06428615748882294, 0.12930427491664886, -0.028981084004044533, 0.07199893891811371, -0.025241196155548096, 0.020080724731087685, -0.01565650850534439, 0.06971980631351471, -0.054738473147153854, -0.03843393176794052, -0.11588943004608154, -5.023417068205474e-33, 0.004763037897646427, 0.00963523332029581, 0.02131243795156479, 0.007787687703967094, 0.06082882359623909, 0.020021913573145866, 0.062349554151296616, -0.07891637831926346, -0.018822478130459785, -0.013029176741838455, 0.0434105210006237, 0.01447693444788456, 0.048108506947755814, -0.02289080061018467, 0.12950961291790009, -0.009685810655355453, -0.0731000080704689, -0.032983798533678055, 0.0335705541074276, -0.03650492802262306, 0.04947340488433838, -0.038630660623311996, -0.06718633323907852, 0.050780851393938065, -0.02190456911921501, -0.013072039932012558, 0.11117736995220184, -0.046566177159547806, -0.00023577855608891696, -0.009261760860681534, 0.001856848830357194, 0.11572665721178055, -0.0925639346241951, -0.043743617832660675, 0.024051189422607422, 0.010597198270261288, 0.02393364906311035, 0.026839908212423325, 0.030914049595594406, -0.0925692692399025, -0.05037451535463333, -0.03303251415491104, 0.07130777835845947, -0.04209413751959801, -0.008006744086742401, -0.044449180364608765, 0.05729810148477554, -0.007081006653606892, 0.017727987840771675, 0.013898737728595734, 0.06690343469381332, -0.07425905764102936, -0.05133307725191116, 0.004618465434759855, 0.07407592982053757, -0.04145846515893936, 0.06010911241173744, 0.023560641333460808, 0.0304380115121603, 0.07275547087192535, 0.007859710603952408, 0.0011425130069255829, -0.05577091872692108, 0.019019143655896187, -0.06297912448644638, 0.05823555588722229, 0.0043326145969331264, -0.013398016802966595, 0.015751412138342857, 0.14011283218860626, -0.03708996623754501, 0.0181418489664793, 0.09940063953399658, -0.05602743476629257, 0.06262515485286713, -0.03317781165242195, -0.012622849084436893, -0.11343562602996826, -0.01827736757695675, 0.015704238787293434, -0.03471348434686661, -0.06370371580123901, -0.034962113946676254, 0.07729459553956985, -0.016063859686255455, -0.10767105966806412, -0.06048634275794029, -0.014123709872364998, -0.04340419918298721, -0.022127356380224228, -0.06130595505237579, -0.06974267959594727, 0.15225976705551147, 0.03890923038125038, -0.12178982049226761, 3.0380783740116488e-33, -0.0788152739405632, 0.011169868521392345, 0.009093570522964, 0.05959749221801758, 0.030019592493772507, -0.02760361321270466, 0.051639121025800705, -0.07216810435056686, 0.016467612236738205, 0.020600970834493637, 0.019464634358882904, 0.05052391067147255, 0.10874011367559433, 0.09838635474443436, -0.0227055586874485, 0.0118465730920434, 0.009699259884655476, -0.03490554541349411, 0.05647195130586624, 0.0020977898966521025, -0.0025338460691273212, -0.005776893813163042, -0.006112903356552124, -0.07574190944433212, 0.039231106638908386, 0.10954711586236954, 0.05405449867248535, -0.010559674352407455, 0.06531493365764618, -0.002590022748336196, 0.022137463092803955, -0.11373299360275269, -0.046432193368673325, 0.024339040741324425, -0.0450509712100029, 0.026182277128100395, 0.05060725659132004, 0.03654876723885536, -0.007169103249907494, -0.07991041243076324, -0.02093026041984558, -0.04117807373404503, -0.009243971668183804, 0.007825084961950779, 0.04937127232551575, 0.029205787926912308, -0.03898497298359871, 0.0887347087264061, -0.09807642549276352, 0.016068002209067345, -0.018150191754102707, 0.06335940212011337, 0.02678004838526249, 0.003112486330792308, -0.07887325435876846, 0.0498022735118866, -0.0278973039239645, 0.07862875610589981, 0.04928542301058769, 0.006487110164016485, -0.05236133560538292, -0.03945524990558624, 0.08376384526491165, 0.056417565792798996, -0.04272672161459923, -0.02706097811460495, -0.010075563564896584, 0.024338465183973312, 0.012376452796161175, -0.07285016030073166, 0.004491250030696392, 0.03653654828667641, 0.04814693704247475, -0.05328822135925293, 0.023907525464892387, -0.00019851583056151867, -0.020877651870250702, -0.01996074989438057, 0.029087601229548454, 0.03277549520134926, 0.019645968452095985, 0.009196932427585125, -0.05225028470158577, 0.026350844651460648, -0.00648744311183691, -0.008333287201821804, 0.05867168307304382, -0.02518673986196518, -0.050154104828834534, -0.08764249086380005, -0.0376950278878212, 0.06683725118637085, 0.030872581526637077, -0.05480523034930229, 0.0001104205657611601, -1.075452704668578e-08, 0.03728564828634262, -0.07294850796461105, 0.03322727233171463, -0.039717745035886765, 0.10871028900146484, -0.029452618211507797, 0.05615135654807091, -0.03308113291859627, -0.04624012112617493, -0.061924442648887634, 0.02097182907164097, -0.06472843140363693, -0.06747675687074661, 0.033027198165655136, 0.06723762303590775, 0.05629789084196091, 0.01605244353413582, -0.06594497710466385, -0.022635819390416145, -0.014631696045398712, 0.047557033598423004, 0.018371790647506714, 0.03373353183269501, 0.0824226662516594, -0.0587792694568634, -0.021837204694747925, 0.006757180672138929, -0.011154458858072758, 0.013870018534362316, 0.02396746352314949, -0.03913814201951027, 0.02392468973994255, 0.08745121955871582, 0.09627310931682587, -0.06137287616729736, -0.07230328768491745, -0.02954748272895813, -0.029121704399585724, 0.016676174476742744, 0.01977514661848545, -0.05353842303156853, 0.04565249755978584, -0.030901849269866943, 0.04350058361887932, 0.07512389123439789, -0.03943098336458206, 0.046117302030324936, -0.044898394495248795, 0.051913049072027206, 0.08575296401977539, 0.017512748017907143, 0.01456295046955347, 0.046335428953170776, -0.06868413090705872, -0.04867162927985191, 0.07206282019615173, -0.04410714656114578, -0.0623345673084259, -0.011058282107114792, 0.1067943274974823, 0.04976193606853485, 0.024971380829811096, -0.0015826234593987465, 0.018508119508624077]